Forzoooh
ss s. d.q.36
69 15 08 0 24
16 08 11 0 00
23 05 02 2 24
11 12 07 1 12
10 02 04 1 24
23 05 02 2 24
23 05 02 2 24
28 02 10 0 00

36 18 00 3 24

 

15 16 03 2 24
16 19 06 3 00
>2 12 04 2 00
14 08 05 0 24
>3 09 09 1 12
12 09 03 0 00
13 14 05 2 00
>1 03 03 0 12
11 03 03 0 12
10 13 11 3 12
11 03 03 0 12
>0 11 07 2 00
11 05 07 1 12
>1 02 10 3 24
12 06 06 1 00
12 06 06 1 00
>3 09 09 1 12
14 13 00 2 00
18 14 05 3 00
15 16 03 2 24

 

 

34 05 08 2 00
ἰ6 18 00 3 24
,6 17 11 2 24

 

 

DIVIDENDS.

For3000L

A L d q.36
104 13 06 1 00
024 13 04 2 00
034 17 10 ο 00
017 08 11 0 00
015 03 06 2 18
034 17 10 0 00
034 17 10 0 00
012 04 03 0 00

 

 

280 07 01 1 18

 

 

008 14 05 2 00
010 09 04 0 18
003 18 06 3 00
006 12 07 3 00
005 04 08 0 00
003 13 10 2 00
005 11 08 1 00
001 14 10 2 18
001 14 10 2 18
001 00 11 3 00
001 14 10 2 18
000 17 05 1 00
001 18 05 0 00
002 01 10 1 18
003 09 09 1 18
003 09 09 1 18
005 04 08 0 00
006 19 06 3 00
013 01 08 2 18
008 14 05 2 00

 

096 08 06 3 00
280 07 01 1 18

 

F0r1000L
L a d.q 36
34 17 10 0 12
08 04 05 2 00
11 12 07 1 12
05 16 03 2 24
05 01 02 0 30
11 12 07 1 12
11 12 07 1 12
04 01 05 0 00

 

 

93 09 00 1 30
---.7--„-.

02 18 01 3 12
03 09 09 1 18
01 06 02 1 00
02 04 02 2 12
01 14 10 2 24
01 04 07 2 00
01 17 02 3 00
00 11 07 2 06
00 11 07 2 06
00 06 11 3 24
00 11 07 2 06
00 05 09 3 00
00 12 09 2 24
00 13 11 1 30
01 03 03 0 18
01 03 03 0 18
01 14 10 2 24
02 06 06 1 00
04 07 02 3 18
02 18 01 ξ’12

 

32 02 10 1 00
93 09 00 1 30

For900L
L L d.q.
31 08 00 2
07 17 00 0
10 09 04 0
05 04 08 0
04 11 00 0
10 09 04 0
10 09 04 0
03 13 04 0

 

 

84 01 11 2

 

02 12 04 0
03 02 09 2
01 03 06 2
01 19 09 1
01 11 04 3
01 02 01 3
01 13 05 3
00 10 05 2
00 10 05 2
00 06 03 1
00 10 05 2
00 05 02 3
00 11 06 0
00 12 06 2
01 00 11 0
01 00 11 0
01 11 04 3
02 01 10 1
03 18 06 o
02 12 04 o

——-
28 18 03 2
84 01 11 2

1720 06 11 2 00 573 08 11 3 12 515 19 06 0

 

 

 

 

——

18 01 09 0 12 2097 02 07 2 18 699 00 10 1 42 628 19 09 0

Penkethman Scri. Publ.

 

Fra. Phelips Audit.

Fa&

