F012000L
l. L d φ 36
:00 09 05 0 24
200 19 09 1 00
>00 09 05 0 24
102 00 08 1 24
>00 06 11 2 24
>01 18 04 2 00
)01 03 03 0 12
106 18 03 1 24
,01 05 11 24
>00 08 01 24
›00 02 10 12
100 08 05 24
100 03 05 12
00 00 11 12
00 07 03
00 07 04
01 03 03
10 09 04
01 16 09
25 11 09
00 17 09
30 06 11 2
10 19 02 3 2
>1 00 04 2
14 06 03
>0 03 09 1 12
>1 14 10
[O 02 01
12 10 02 0 24
)0 01 04 3 24
>0 18 00 1 00
>1 02 08 0 12
)4 13 00 2 00
14 17 08 2 12
7 08 11 0 00
>1 00 04 2 00

00 Omnmzaemmmxo 10

 

 

3 05 06 3 24
8 06 11 0 12
0 05 08 3 24

 

 

1 18 02 3 24

--

 

DIVIDENDS.

F0r3000L
A a A q.35
000 14 01 3 00
001 09 07 3 18
000 14 01 3 00
003 01 00 2 18

000 10 05 2 00
002 17 06 3 00
001 14 10 2 18
010 07 05 0 18
001 18 11 2 00
000 12 02 2 00
000 04 04 1 00
000 12 08 3 18
000 05 02 3 00
000 01 05 3 00
000 10 11 3 18
000 11 00 2 00
001 14 11 3 00
015 14 00 1 00
002 15 02 3 00
038 07 07 3 18
001 06 08 1 18
000 10 05 2 00
001 08 10 1 18
001 10 06 3 00
006 09 05 1 18
000 05 08 0 00
002 12 04 0 00

015 04 02 3 18
003 15 03 1
000 02 01 1 18
001 07 00 1 18
001 14 00 0 18
006 19 06 3 00
007 06 06 3 18
026 03 04 2 00
001 10 06 3 00

 

 

 

364 18 04 1 18
192 10 04 2 18
345 08 07⁷1 18

..-

 

——...

902 17 04 1 18

mnu—u.—

 

 

F0r1000L
L ᾗ ἅ,φ 35
00 04 08 2 12
00 09 10 2 18

00 04 08 2 12
01 00 04 0 30
00 03 05 3 12
00 19 02 1 00
00 11 07 2 06
03 09 01 2 30
00 12 11 3 12
00 04 00 3 12
00 01 05 1 24
00 04 02 3 30
00 01 08 3 24
00 00 05 3 24
00 03 07 3 30
00 03 08 0 24
00 11 07 3 24
05 04 08 0 12
00 18 04 3 24
12 15 10 2 10
00 08 10 3 06
00 03 05 3 12
00 09 07 1 30
00 10 02 1 00
02 03 01 3 06
00 00 10 2 24
00 17 05 1 12
05 01 00 2 18

01 05 01 0 12
00 00 08 1 30
00 09 00 0 18
00 11 04 0 06
02 06 06 1 00
02 08 10 1 06
08 14 05 2 00
00 10 02 1 00

 

121 12 09 1 30
064 03 05 2 06

’115 02 10 1 30

 

300 19 01 1 30

——

 

 

*For900L

l. S· d. 'qa¹
00 04 02 2
00 08 10 0
00 04 02 2
00 18 03 2
00 03 01 2
00 17 03 ο
00 10 05“2
03 02 02 0
00 11 08 1

00 03 07 2
00 01 03 2
00 03 10 1
00 01 06 2
00 00 05 o
00 03 03 2
00 03 04 2
00 10 05 2
04 14 02 o
00 16 07 0
11 10 03 o
00 08 00 o
00 03 01 2

00 08 07 0
00 09 01 0
01 18 10 0
00 01 08 0
00 15 08 1

04 10 06 0
01 02 07 0
00 00 07 2
00 08 01 1'
00 10 02 1

02 01 10 1

02 03 11 0
07 17 00 0
00 09 02 o

 

 

109 12 09 2

57 15 00 0
103 12 05 2

 

 

271 00 03 0

——q

 

Fra. Phelzps Audit..

INDEX0'

